1
917
853
319
1234
322
3248
464
883
876
293
534
355
403
128
281
166
159
584
104
279
961
191
186
101
340
296
151
224
394
410
180
240
738
949
635
262
194
229
360
305
151
113
386
151
340
354
116
128
104
105
377
226
328
308
253
139
244
400
212
174
206
375
624
174
157
200
316
282
351
255
503
319
206
122
168
386
189
354
180
279
272
427
166
159
290
294
153
325
143
696
172
232
322
119
305
365
749
235
305
586
169
296
534
177
757
416
191
235
128
255
174
494
209
752
261
351
621
314
145
200
255
122
372
244
734
136
468
769
139
212
267
639
284
824
328
273
508
1179
319
1231
325
2145
1103
464
305
577
877
293
534
354
531
282
325
450
168
119
488
743
206
215
383
168
102
319
177
340
296
226
1097
128
702
140
496
261
171
253
148
134
383
151
293
162
195
339
354
349
380
142
224
258
221
226
415
232
340
154
194
186
244
766
163
194
163
281
316
450
230
429
319
207
139
189
348
188
134
221
351
264
261
282
325
737
305
183
743
206
215
653
319
177
339
297
226
157
148
673
508
581
496
261
195
229
148
212
305
150
508
143
267
426
349
142
380
224
258
180
267
647
340
348
186
374
195
191
250
162
195
162
282
316
450
212
284
163
319
206
122
206
349
119
203
220
352
180
365
224
363
290
159
288
305
182
320
423
215
244
345
117
162
401
389
142
191
227
305
165
456
171
792
134
154
426
325
320
130
151
363
171
102
151
203
177
203
148
697
281
235
128
691
145
145
200
378
255
154
206
195
380
157
351
226
192
194
412
140
212
162
499
244
299
613
290
281
247
583
154
482
273
119
656
107
192
247
426
206
142
720
531
236
116
223
305
250
252
131
432
189
815
320
299
290
409
383
113
134
868
894
252
334
105
882
1141
389
127
738
1250
305
929
218
104
865
293
105
961
571
116
331
415
180
125
691
255
302
346
406
345
735
299
246
224
171
195
130
322
128
639
270
211
204
496
284
172
174
275
209
122
169
383
226
238
343
897
238
165
174
105
403
200
308
450
311
110
165
160
101
183
401
920
650
261
140
545
235
154
131
638
442
203
482
194
212
546
133
235
171
166
366
116
543
121
407
409
331
345
366
430
397
189
145
763
317
122
101
203
424
279
258
166
151
252
293
163
580
325
238
482
189
177
383
235
209
171
491
116
151
235
519
180
111
145
180
136
189
116
136
186
137
226
104
140
905
868
148
241
1048
850
253
267
171
883
1140
389
128
737
1251
305
929
322
154
609
102
113
328
104
221
374
265
243
256
142
290
299
302
296
145
238
163
217
430
671
383
357
249
389
111
136
223
253
113
131
122
200
766
319
163
708
105
351
165
276
331
168
262
121
221
244
270
348
186
493
238
108
174
197
116
703
275
175
455
290
285
110
436
438
337
348
563
145
929
130
357
247
366
313
244
256
142
290
299
157
145
296
145
238
163
217
430
670
308
502
180
389
470
253
113
131
121
201
766
319
163
203
505
105
351
165
607
168
328
276
244
270
348
186
258
192
563
197
116
229
474
275
174
746
285
545
439
685
127
581
418
482
333
131
613
162
174
290
471
174
325
157
185
801
294
168
186
348
377
151
177
221
122
159
334
151
380
270
334
415
665
215
267
362
265
583
528
264
395
224
122
351
249
154
325
180
113
262
133
128
148
456
705
160
873
113
195
667
343
125
197
319
520
369
368
366
189
206
130
276
270
203
377
218
279
418
296
127
163
313
238
108
183
223
296
212
430
194
282
156
114
148
441
371
204
110
247
333
859
340
163
124
221
168
616
310
598
813
1590
325
700
1428
1242
346
838
346
665
