426
645
214
427
215
215
214
215
293
137
214
212
772
505
439
426
215
215
641
215
772
729
215
429
856
215
215
322
430
746
101
113
430
430
426
215
215
322
467
497
211
215
645
214
215
212
215
215
429
436
420
430
427
429
430
212
214
430
215
215
426
215
215
215
214
212
215
430
180
246
325
430
354
392
215
354
290
215
212
644
322
468
711
212
429
325
105
641
215
540
232
299
430
220
421
267
377
215
215
212
644
128
728
215
642
223
209
212
215
215
426
459
415
264
818
189
250
606
427
215
215
429
215
212
215
214
430
215
212
214
215
1071
645
426
430
856
116
488
168
299
430
214
642
215
214
430
215
322
438
737
102
113
325
105
427
644
215
322
467
923
430
214
224
206
212
215
214
369
496
209
212
430
427
214
215
215
215
212
214
215
215
215
214
427
215
215
214
215
232
114
299
212
214
212
325
215
215
746
215
429
215
1071
322
319
148
712
211
430
215
215
249
392
215
752
319
644
427
215
214
215
456
186
569
203
299
429
215
215
212
261
177
206
215
107
108
214
427
215
244
415
197
110
534
430
212
429
215
169
258
215
214
430
247
180
214
215
215
215
215
426
215
131
621
749
214
427
430
429
427
1463
1109
177
467
212
354
409
737
215
430
258
171
642
215
322
107
314
542
215
642
214
215
427
215
644
435
421
171
259
426
215
645
232
194
215
430
214
212
215
241
189
322
107
232
215
197
212
215
418
215
427
429
215
215
214
215
212
215
430
214
215
322
430
104
642
215
214
215
430
641
215
322
421
328
427
214
430
430
641
215
752
525
223
215
427
215
214
430
215
212
772
728
215
215
644
212
215
215
214
857
426
430
429
215
215
641
215
427
215
214
430
215
212
214
108
107
215
215
215
426
215
113
1173
215
212
429
430
856
409
401
690
215
215
215
258
169
214
366
279
537
223
737
102
113
430
429
642
214
323
319
148
496
212
215
430
214
137
293
212
215
214
215
215
856
250
180
426
215
215
250
133
258
215
215
215
215
214
427
644
215
433
211
212
215
212
325
430
746
101
113
398
290
172
641
215
641
148
708
215
430
429
642
215
113
1387
215
241
186
1074
211
773
943
148
281
212
224
209
212
214
215
781
104
186
215
427
429
212
218
212
429
215
226
201
215
235
409
215
212
214
108
107
215
215
214
427
215
540
212
749
214
427
215
215
214
642
603
169
728
215
430
426
215
215
151
279
322
429
746
215
430
429
856
160
163
420
328
427
215
215
214
215
137
104
189
212
214
215
215
215
258
177
421
430
426
430
429
427
430
214
215
427
215
214
215
215
212
215
217
212
215
212
325
467
708
215
430
429
857
322
319
102
1828
215
427
214
752
320
429
215
264
163
214
859
212
247
517
522
215
215
214
427
433
212
214
215
642
243
401
322
125
624
882
189
427
214
215
430
426
323
107
430
214
212
270
578
429
215
215
427
214
215
215
508
162
189
212
772
505
438
427
215
215
641
215
772
337
391
244
229
172
