1
565
209
256
235
180
482
406
351
282
325
258
111
362
491
409
116
441
108
258
354
212
229
131
287
218
322
314
505
171
157
110
401
171
244
191
250
191
775
395
360
287
572
215
174
105
214
192
392
299
612
348
131
139
410
119
476
441
383
145
926
157
243
201
743
145
218
171
383
354
192
621
110
189
316
401
101
520
165
212
845
336
726
238
345
456
862
630
563
592
523
792
406
694
137
208
357
360
111
209
119
145
130
381
145
354
206
302
949
366
307
1054
122
302
342
221
795
197
1565
516
723
102
345
645
139
244
235
728
772
830
297
179
424
238
192
575
943
290
177
357
386
218
612
256
104
203
543
830
427
357
308
180
185
189
148
537
290
349
130
322
343
650
139
1222
517
418
403
427
200
169
510
427
206
110
169
882
581
217
291
716
122
134
508
995
259
156
294
107
215
130
311
470
592
206
241
206
581
209
290
151
148
244
342
209
215
209
366
107
137
243
357
154
171
276
261
1156
374
264
256
621
319
290
238
778
375
211
146
133
401
688
179
175
275
238
558
316
316
424
189
368
180
2006
2014
964
316
662
383
398
763
491
615
1135
520
1657
769
200
378
133
491
1204
717
139
119
238
116
314
229
218
247
557
252
163
342
796
116
363
162
528
125
148
183
932
209
229
383
262
246
517
229
682
630
729
264
400
366
389
212
479
444
157
905
813
618
241
357
371
474
371
357
154
621
549
246
285
720
641
267
729
647
200
288
580
369
217
230
583
374
198
293
136
276
264
166
316
316
294
339
372
197
456
154
127
192
397
230
130
360
505
291
740
293
258
160
276
435
104
314
348
282
194
311
232
229
119
137
125
1094
424
1091
145
221
348
136
186
168
291
217
1597
1047
384
122
156
189
415
491
124
383
407
110
192
183
531
275
323
240
111
1306
464
119
180
523
275
372
340
214
398
348
227
310
334
354
325
929
250
719
169
322
102
124
192
203
119
299
485
133
381
557
409
107
439
316
369
209
270
319
482
273
328
203
191
174
546
435
395
192
406
189
447
215
278
128
380
168
485
337
630
200
165
349
473
212
174
653
168
163
296
165
111
261
145
679
369
394
465
485
362
462
264
255
108
366
249
650
238
276
357
189
186
145
304
302
119
1077
224
130
238
343
200
897
557
560
177
900
157
435
560
125
540
479
157
569
220
189
485
211
595
148
157
232
236
470
101
209
119
308
357
818
102
200
334
122
586
352
1372
871
647
212
497
307
189
290
200
273
227
502
290
261
1092
206
354
444
145
351
247
807
116
192
989
737
108
168
177
369
125
174
1172
192
267
395
604
281
560
189
255
732
557
