1
5982
751
267
308
348
433
868
3041
642
615
244
374
668
270
189
748
334
415
189
653
192
281
813
734
351
801
1010
183
418
729
633
313
200
543
209
749
374
621
276
868
578
1172
186
122
281
465
308
644
206
110
1103
1344
192
702
343
606
319
244
749
398
798
305
185
563
564
188
560
331
279
517
563
563
180
569
629
308
163
586
563
142
398
586
180
171
157
241
563
375
188
186
432
131
752
229
145
563
560
143
304
175
130
563
186
267
671
563
185
564
330
340
1019
563
139
610
632
491
189
374
549
203
560
377
375
374
563
380
180
189
563
563
563
561
737
325
252
537
206
195
186
563
563
186
400
163
310
531
285
339
224
749
397
465
638
186
209
354
383
180
189
331
229
377
253
331
165
563
749
563
259
867
561
563
188
320
554
438
375
107
644
749
212
209
166
162
377
375
676
627
197
279
302
168
189
157
307
331
142
343
569
212
212
310
227
354
397
140
174
435
377
375
238
252
633
378
269
479
749
270
108
145
113
490
375
287
465
374
374
189
398
508
406
334
296
119
528
224
258
328
351
186
310
816
374
375
212
540
374
374
352
296
479
191
557
177
950
748
398
258
471
757
288
1044
177
148
157
238
128
1187
412
264
447
331
407
911
578
368
444
494
188
679
477
269
482
407
156
177
384
374
383
369
432
674
484
285
1123
636
113
377
328
406
236
804
284
232
2583
563
607
145
409
151
378
215
478
619
322
264
163
563
290
316
125
151
244
560
668
119
388
140
258
459
107
258
363
241
563
186
209
354
351
267
227
281
363
200
749
412
151
290
238
401
195
148
415
563
212
537
560
136
177
206
610
334
415
563
571
337
218
554
758
560
908
218
302
296
380
334
168
256
218
473
200
374
1312
563
291
255
186
168
224
351
212
563
188
424
137
148
229
261
488
563
563
186
563
551
108
467
290
322
137
133
430
563
116
258
357
392
157
406
238
511
343
220
351
775
598
610
104
331
209
282
348
136
340
343
261
563
220
529
696
430
299
116
3698
180
258
