133
128
125
246
378
249
250
249
125
128
125
125
124
247
377
250
250
252
125
125
125
124
125
250
374
250
249
253
125
125
124
125
125
250
374
250
249
250
128
124
125
128
122
249
375
249
250
250
127
125
125
125
125
249
375
249
250
250
127
125
125
128
121
250
374
250
250
252
125
250
127
122
250
142
232
250
250
252
125
247
255
1001
479
163
235
508
116
223
160
1472
153
964
319
206
520
482
444
183
133
677
223
790
1050
253
246
146
232
400
224
133
221
145
499
198
275
131
174
334
183
206
249
195
557
560
192
238
223
500
287
508
328
162
119
134
247
162
836
256
258
241
247
121
204
571
102
296
430
159
502
1127
229
380
470
288
122
348
403
250
1277
221
478
273
221
131
264
412
1474
247
110
143
107
128
145
487
427
113
360
227
420
250
212
249
195
209
360
119
360
125
249
177
206
264
111
258
235
415
250
215
206
415
249
250
177
102
220
177
235
468
165
456
421
220
270
105
484
294
214
491
142
107
134
279
235
104
264
462
188
328
198
258
221
200
270
142
357
502
514
392
595
250
249
467
151
500
133
116
134
116
133
137
363
374
250
243
241
392
395
139
325
302
198
423
322
250
119
395
319
215
348
311
188
157
462
267
127
134
354
110
250
125
258
209
165
372
136
125
276
473
186
293
139
288
296
528
270
432
471
121
311
192
476
151
342
157
624
316
270
136
221
218
113
104
279
180
180
209
377
148
915
177
232
247
777
119
122
291
127
206
349
145
154
287
253
925
146
177
940
284
610
1027
323
423
204
110
183
377
882
140
122
287
276
194
151
256
223
244
180
377
418
154
122
313
140
211
268
229
273
226
102
258
261
131
516
172
243
314
162
224
389
499
221
284
247
154
476
154
191
285
229
380
148
598
224
304
293
250
302
145
250
206
203
206
253
446
111
342
601
125
122
252
250
162
221
279
214
375
247
142
110
438
720
337
252
131
122
380
346
148
261
366
246
256
380
313
221
682
464
186
163
249
215
499
186
186
252
436
223
276
279
290
244
255
377
497
310
151
163
110
137
293
209
133
485
699
520
162
163
311
153
413
272
189
139
111
467
168
125
177
221
339
381
124
410
571
218
299
145
105
252
386
514
200
465
183
127
125
247
162
224
278
186
520
130
114
133
110
302
279
249
250
311
249
250
412
331
197
209
221
258
122
250
374
250
249
253
125
124
125
128
122
250
374
250
252
250
124
125
125
125
125
249
375
249
253
250
124
125
125
128
122
249
375
249
253
252
122
128
125
124
122
250
374
253
250
252
122
128
124
125
125
247
374
253
249
250
125
127
