1
499
432
436
435
435
436
435
433
435
975
319
851
464
436
432
1277
607
284
441
436
435
778
523
850
459
214
218
435
189
203
171
267
241
102
569
174
189
473
467
435
189
679
871
421
186
264
432
436
165
705
105
328
435
160
276
435
435
433
180
194
656
203
273
151
209
308
386
485
217
645
438
177
459
223
215
235
432
436
435
404
830
183
322
174
261
871
435
212
224
371
244
229
160
293
160
174
107
433
435
392
238
241
435
177
256
435
192
188
468
455
436
435
194
180
267
230
159
273
209
227
383
487
122
314
548
264
262
830
270
171
697
435
566
305
188
247
432
186
366
238
226
291
400
467
369
502
200
160
299
165
227
244
226
218
435
3045
432
195
241
188
247
183
247
438
203
116
108
200
244
435
435
180
688
209
227
307
320
656
281
174
436
310
125
151
429
291
432
436
194
241
186
235
702
363
212
247
226
366
290
340
200
546
435
435
433
197
221
296
156
270
166
334
534
168
267
644
227
200
174
172
322
316
119
186
249
433
398
229
412
209
261
232
195
191
485
113
256
499
218
2400
511
2458
595
1208
435
435
436
435
436
432
435
436
435
433
435
435
436
435
148
288
107
325
206
229
230
156
267
143
508
435
328
543
435
433
162
131
307
209
497
171
264
267
166
182
134
119
186
249
436
432
438
175
217
476
436
432
174
261
180
256
157
272
148
294
304
131
160
113
159
140
203
311
177
197
493
221
116
299
453
435
209
160
514
423
433
215
116
212
328
188
360
319
195
200
229
247
435
169
264
366
772
168
435
125
311
116
276
209
267
435
197
209
140
258
195
304
203
668
206
229
375
171
105
217
578
293
206
334
328
197
238
241
195
435
435
285
151
217
114
101
221
162
262
226
197
238
128
276
464
436
197
424
249
209
366
438
290
125
311
432
436
188
247
197
238
207
229
180
162
273
256
203
229
435
436
435
195
209
304
439
156
436
200
212
456
435
136
180
119
163
479
226
171
114
360
226
435
102
331
310
111
241
209
261
174
189
682
191
444
233
322
113
435
215
398
142
302
223
183
224
246
444
212
238
215
435
